strain rep decay evolvability N0
ATCC13985 1 0.00768600264365825 -5.6499192015028e-06 7.45005578056178
ATCC13985 2 0.00743687635483587 -5.58297462041202e-06 7.38002619293555
ATCC13985 3 0.00326198052666203 0 6.82232995166029
ATCC13985 4 0.00309422612762329 0 6.84385284355352
ATCC43928 1 0.00978573416041175 -6.96225462026584e-06 6.99962706489961
ATCC43928 2 0.00982653998690262 -6.83262682296228e-06 7.00800638578103
ATCC43928 3 0.00179080699931304 0 6.59380897388808
ATCC43928 4 0.00138924934024834 0 6.49473927885521
KBS0701 1 0.0148737039739117 -1.20629075840118e-05 6.1673238024238
KBS0701 2 0.0152278157052082 -1.31366789655558e-05 5.6991851257182
KBS0701 3 0.0320932667096616 -6.76386227058251e-05 6.63237911019651
KBS0701 4 0.0137763998502525 0 6.16108032445487
KBS0701 5 0.00379692273442331 0 4.72439301553828
KBS0701 6 0.0140824022806815 -1.2276950839028e-05 5.70131676367282
KBS0702 1 0.00448713107468408 0 7.24372379670812
KBS0702 2 0.00385552503109629 0 7.17356775182567
KBS0702 3 0.00254957126844164 0 7.07745175047206
KBS0702 5 0.0035472533086355 0 7.10601062006458
KBS0702 4 0.00260697247418182 0 6.94900540110767
KBS0702 6 0.00437082348801411 0 7.06216876730516
KBS0703 1 0.00240775864398684 0 6.7293585816642
KBS0703 2 0.00264209314089273 0 6.87330312447349
KBS0703 3 0.0052371930283671 -3.34429433874117e-06 7.09396075912183
KBS0703 4 0.00500533125111486 -3.15933377813776e-06 7.05223106126487
KBS0703 6 0.0051563676090469 0 7.85143507975325
KBS0703 5 0.00601225111220296 0 7.67350513264122
KBS0704 5 0.533446792794094 0 7.77629556115936
KBS0704 6 1.11027638480999 -0.0403311518047883 8.00169808110838
KBS0704 8 0.530108567378023 0 7.72622188460952
KBS0704 9 0.372262581820124 0 6.20855636147363
KBS0704 10 0.402836030548992 0 6.45046663298911
KBS0704 11 0.366375225621373 0 6.33639015769713
KBS0704 12 0.3497485248208 0 6.19708933637526
KBS0705 1 0.016529593518121 -1.94183897896631e-05 7.22693113730117
KBS0705 2 0.00932264671296706 -8.96517337920591e-06 6.82894636838326
KBS0705 3 0.00677078276720514 -5.68769738612085e-06 6.56307315209245
KBS0705 4 0.0106382441262568 -8.73465923701251e-06 6.88875017061864
KBS0706 1 0.00177734734525553 0 6.34665780627606
KBS0706 2 0.00185601825735944 0 6.382192356665
KBS0706 3 0.00159124110846238 0 6.35053213483084
KBS0706 4 0.00165269273921036 0 6.27000501763387
KBS0707 1 0.00554767539371311 -4.4893051739198e-06 5.68972261504379
KBS0707 2 0.00742742162590355 -6.84465280379307e-06 5.78628634188885
KBS0707 3 0.00777241139087299 -6.66808563580664e-06 5.7678902359025
KBS0707 4 0.00644555852116278 -5.51101716426537e-06 5.71962605098031
KBS0710 1 0.0075322846395912 -4.83211248989573e-06 7.15057598043171
KBS0710 2 0.00765509298990564 -5.28679836864766e-06 7.08754913794807
KBS0710 3 0.00415823659825838 0 6.50004779019912
KBS0710 4 0.00458006063241686 0 6.34471972185314
KBS0711 1 0.00845459337965549 -5.98487840208681e-06 6.49120469838611
KBS0711 2 0.00785548842666291 -5.82711618765766e-06 6.36347748104408
KBS0711 3 0.00856759094297133 -6.95517326166795e-06 6.50106939447354
KBS0711 4 0.0172824414120637 0 7.45403471197988
KBS0711 11 0.000661543748783385 0 5.11059138665121
KBS0711 12 0.0131767216730686 0 7.3413440527537
KBS0711 10 0.000643829104448503 0 5.07017922699252
KBS0711W 1 0.0100186770249139 -9.35327468960998e-06 6.68727776141123
KBS0711W 2 0.0144248938281641 -1.40981272309512e-05 7.06791034606569
KBS0711W 3 0.0109899861438187 -1.06031602794698e-05 6.71932398883543
KBS0711W 4 0.00916080555348624 -9.03442028699412e-06 6.40848114172149
KBS0712 1 0.00210206923469488 0 6.56915861528744
KBS0712 2 0.0017577760162231 0 6.48458882871574
KBS0712 3 0.00204151357280186 0 6.53606046767217
KBS0712 4 0.000985929894764856 0 6.41658813780938
KBS0713 3 0.00798036179098578 -7.41807194995132e-06 6.93625025453192
KBS0713 4 0.00763182370363397 -6.25687877795914e-06 6.91190634290331
KBS0713 1 0.00743369122511716 -6.34061859133749e-06 6.80112034495938
KBS0713 2 0.00695794618383992 -5.36829517712831e-06 6.79088328924473
KBS0714 1 0.0211922122107397 0 5.17989924650404
KBS0714 2 0.0211023957061303 0 5.16779438312996
KBS0714 3 0.0204051340208314 0 5.11431418457683
KBS0714 4 0.0215350889560599 0 5.25684621989404
KBS0715 1 0.00713325397310135 -6.53446602348465e-06 5.97450381080256
KBS0715 2 0.00625974728361406 -5.51087216021821e-06 5.67500184340584
KBS0715 3 0.0071940760705933 -6.60779020453982e-06 5.82055570172685
KBS0715 4 0.00736061322536752 -6.5860477466302e-06 6.01570931764622
KBS0721 1 0.00671268632327801 -4.10768595493712e-06 6.10119990648704
KBS0721 2 0.00812249082537951 -6.11865935459297e-06 6.29485460029933
KBS0721 3 0.00816597079466559 -6.3798009752689e-06 6.19241896839368
KBS0721 4 0.00807570952752237 -5.73201837310391e-06 6.21750802798416
KBS0722 1 0.00187637127533396 0 6.70510735426635
KBS0722 2 0.00132797702651037 0 6.55037533572168
KBS0722 3 0.0015854869752318 0 6.66639545334921
KBS0722 4 0.00168473344776948 0 6.60442422174673
KBS0724 1 0.0099152278168756 -6.56160185570463e-06 6.79268954455107
KBS0724 2 0.00834492787275047 -5.06507952421862e-06 6.65815972834824
KBS0724 3 0.00781585490987534 -3.99556493737511e-06 6.57424846500097
KBS0724 4 0.00863510973371319 -5.09684239815093e-06 6.62722983514785
KBS0725 1 0.00829511437126954 0 6.78939039034666
KBS0725 2 0.00883509654081889 0 6.98131047007877
KBS0725 3 0.00929913651157852 0 7.02705686562561
KBS0725 4 0.00935598502578749 0 6.96229028217729
KBS0727 1 0.00594352177301472 0 6.45639202525128
KBS0727 2 0.00674602240094744 0 6.71699710665892
KBS0727 3 0.00789230318397715 0 6.83609534220646
KBS0727 4 0.0076924665967066 0 6.81917587971012
KBS0801 1 0.00320540876487509 0 7.43481157349791
KBS0801 2 0.00327523111717586 0 7.46325738757003
KBS0801 3 0.00322555770010985 0 7.47244650280486
KBS0801 4 0.00305408909518831 0 7.40129052698723
KBS0802 1 0.0124726119279839 -1.01316075588836e-05 7.22614879648052
KBS0802 2 0.0125168225360296 -1.05316992380647e-05 7.17158443180806
KBS0802 3 0.0125598971042172 -1.02958244648337e-05 7.21808827901593
KBS0802 4 0.0120484788910898 -9.60151621439806e-06 7.20492805186996
KBS0812 1 2.95848797574776e-05 0 5.01191067498267
KBS0812 2 7.56608035838074e-05 0 5.11008438892103
KBS0812 3 7.87049007591411e-05 0 5.03852432022804
KBS0812 4 -3.44975151866959e-05 0 4.94862104190225
KBS0816 1 0.0813496086809481 0 5.35213147970905
KBS0816 2 0.0801765961379837 0 5.2076089306589
KBS0816 3 0.0772237401672075 0 5.3830317113381
KBS0816 4 0.0799117754236571 0 4.99424871144103
